3 0.046875 0.314583 0.034375 0.037500
1 0.046875 0.358333 0.034375 0.037500
0 0.771094 0.719792 0.032813 0.043750
1 0.789844 0.780208 0.029687 0.043750
2 0.764844 0.765625 0.029687 0.039583
3 0.793750 0.748958 0.031250 0.043750
2 0.838281 0.754167 0.026562 0.029167
1 0.867188 0.785417 0.025000 0.033333
2 0.842969 0.787500 0.029687 0.041667
3 0.862500 0.752083 0.031250 0.037500
0 0.740625 0.655208 0.018750 0.022917
1 0.757812 0.696875 0.021875 0.027083
2 0.735156 0.686458 0.020313 0.027083
3 0.760938 0.676042 0.021875 0.027083
