0 0.764844 0.707292 0.014063 0.027083
1 0.778125 0.750000 0.018750 0.029167
2 0.759375 0.739583 0.018750 0.037500
3 0.781250 0.723958 0.015625 0.022917
0 0.825000 0.738542 0.015625 0.022917
1 0.860938 0.778125 0.021875 0.031250
2 0.830469 0.776042 0.023438 0.031250
3 0.856250 0.738542 0.021875 0.027083
0 0.751563 0.642708 0.015625 0.018750
1 0.783594 0.672917 0.020313 0.016667
2 0.750000 0.662500 0.018750 0.016667
3 0.783594 0.648958 0.020313 0.018750
0 0.373437 0.356250 0.012500 0.016667
1 0.388281 0.378125 0.010937 0.010417
2 0.372656 0.376042 0.014063 0.014583
3 0.389062 0.356250 0.012500 0.016667
