0 0.730469 0.711458 0.023438 0.031250
1 0.750000 0.746875 0.025000 0.031250
2 0.727344 0.730208 0.023438 0.031250
3 0.750000 0.721875 0.025000 0.031250
0 0.800000 0.723958 0.021875 0.031250
1 0.821875 0.746875 0.021875 0.031250
2 0.800000 0.748958 0.021875 0.031250
3 0.815625 0.721875 0.021875 0.031250
0 0.717969 0.630208 0.020313 0.022917
1 0.743750 0.661458 0.021875 0.022917
2 0.717969 0.650000 0.020313 0.025000
3 0.746094 0.643750 0.020313 0.025000
0 0.287500 0.338542 0.015625 0.018750
2 0.285938 0.361458 0.012500 0.018750
