0 0.182031 0.318750 0.023438 0.029167
2 0.180469 0.350000 0.023438 0.029167
0 0.804688 0.870833 0.037500 0.045833
1 0.845313 0.920833 0.037500 0.045833
2 0.804688 0.920833 0.037500 0.045833
3 0.842187 0.868750 0.037500 0.045833
3 0.743750 0.845833 0.025000 0.033333
1 0.735938 0.885417 0.025000 0.033333
3 0.793750 0.818750 0.025000 0.033333
1 0.759375 0.831250 0.025000 0.033333
0 0.752344 0.729167 0.029687 0.041667
1 0.775781 0.787500 0.029687 0.041667
2 0.746094 0.766667 0.029687 0.041667
3 0.785156 0.752083 0.029687 0.041667
