0 0.768750 0.729167 0.018750 0.029167
1 0.778125 0.776042 0.021875 0.031250
2 0.761719 0.756250 0.023438 0.029167
3 0.782813 0.748958 0.021875 0.031250
0 0.831250 0.759375 0.021875 0.027083
1 0.859375 0.791667 0.025000 0.037500
2 0.834375 0.790625 0.025000 0.031250
3 0.856250 0.756250 0.025000 0.033333
0 0.759375 0.650000 0.021875 0.025000
1 0.793750 0.698958 0.025000 0.031250
2 0.754687 0.680208 0.021875 0.031250
3 0.789844 0.660417 0.026562 0.033333
3 0.057813 0.319792 0.031250 0.039583
1 0.058594 0.369792 0.039062 0.043750
