0 0.209375 0.193056 0.062500 0.113889
1 0.242188 0.354167 0.062500 0.113889
2 0.192188 0.311111 0.062500 0.116667
3 0.254688 0.243056 0.062500 0.113889
0 0.408594 0.284722 0.064062 0.119444
1 0.488281 0.395833 0.064062 0.119444
2 0.417969 0.404167 0.064062 0.119444
3 0.478125 0.262500 0.065625 0.119444
0 0.535156 0.044444 0.054688 0.083333
1 0.664844 0.170833 0.054688 0.086111
2 0.536719 0.134722 0.054688 0.086111
3 0.673438 0.040278 0.046875 0.075000
0 0.757812 0.036111 0.040625 0.066667
2 0.767188 0.104167 0.040625 0.069444
