0 0.727344 0.712500 0.020313 0.025000
1 0.746094 0.747917 0.023438 0.025000
2 0.724219 0.735417 0.023438 0.025000
3 0.750000 0.721875 0.021875 0.022917
0 0.798438 0.723958 0.018750 0.031250
1 0.818750 0.754167 0.018750 0.029167
2 0.800000 0.754167 0.018750 0.029167
3 0.815625 0.723958 0.018750 0.031250
0 0.281250 0.338542 0.018750 0.022917
0 0.278125 0.357292 0.018750 0.022917
3 0.296875 0.342708 0.012500 0.018750
1 0.296875 0.363542 0.012500 0.018750
0 0.710938 0.630208 0.018750 0.027083
1 0.735938 0.664583 0.018750 0.025000
2 0.712500 0.647917 0.018750 0.025000
3 0.735938 0.637500 0.018750 0.025000
