0 0.185938 0.319792 0.028125 0.035417
2 0.181250 0.345833 0.028125 0.037500
0 0.808594 0.870833 0.032813 0.041667
1 0.843750 0.919792 0.034375 0.043750
2 0.806250 0.919792 0.034375 0.043750
3 0.845313 0.869792 0.034375 0.043750
3 0.792969 0.821875 0.035937 0.043750
1 0.761719 0.836458 0.035937 0.043750
1 0.736719 0.894792 0.035937 0.043750
3 0.744531 0.853125 0.035937 0.043750
0 0.748437 0.728125 0.025000 0.035417
1 0.768750 0.780208 0.025000 0.035417
2 0.743750 0.765625 0.025000 0.035417
3 0.771875 0.746875 0.025000 0.035417
