0 0.761719 0.706250 0.023438 0.037500
3 0.777344 0.748958 0.020313 0.031250
1 0.760938 0.736458 0.018750 0.031250
2 0.780469 0.726042 0.017188 0.031250
0 0.831250 0.741667 0.018750 0.029167
3 0.856250 0.772917 0.021875 0.037500
1 0.831250 0.770833 0.018750 0.037500
2 0.854688 0.729167 0.028125 0.033333
0 0.371875 0.356250 0.012500 0.020833
3 0.384375 0.379167 0.015625 0.016667
1 0.370312 0.376042 0.021875 0.022917
2 0.384375 0.353125 0.015625 0.018750
0 0.748437 0.630208 0.021875 0.027083
3 0.775000 0.669792 0.021875 0.027083
1 0.741406 0.661458 0.020313 0.031250
2 0.777344 0.639583 0.017188 0.025000
